         1e-11      7491.91
   1.10304e-11      7133.42
   1.21669e-11      6792.08
   1.34205e-11      6467.08
   1.48034e-11      6157.62
   1.63287e-11      5862.98
   1.80111e-11      5582.43
   1.98669e-11      5315.31
   2.19139e-11      5060.97
   2.41719e-11       4818.8
   2.66625e-11      4588.22
   2.94097e-11      4368.68
     3.244e-11      4159.64
   3.57825e-11       3960.6
   3.94694e-11      3771.08
   4.35362e-11      3590.64
   4.80221e-11      3418.83
   5.29701e-11      3255.24
    5.8428e-11      3099.48
   6.44483e-11      2951.17
   7.10888e-11      2809.96
   7.84136e-11      2675.51
   8.64931e-11      2547.49
   9.54051e-11       2425.6
   1.05235e-10      2309.54
   1.16078e-10      2199.03
   1.28039e-10      2093.81
   1.41232e-10      1993.63
   1.55784e-10      1898.24
   1.71835e-10      1807.42
    1.8954e-10      1720.94
    2.0907e-10       1638.6
   2.30612e-10      1560.21
   2.54374e-10      1485.56
   2.80583e-10      1414.49
   3.09494e-10      1346.81
   3.41383e-10      1282.38
   3.76558e-10      1221.03
   4.15358e-10      1162.62
   4.58155e-10         1107
   5.05362e-10      1054.05
   5.57433e-10      1003.63
   6.14869e-10      955.618
   6.78223e-10      909.909
   7.48105e-10      866.388
   8.25188e-10      824.951
   9.10213e-10      785.497
      1.004e-9      747.933
    1.10745e-9      712.167
    1.22156e-9      678.114
    1.34742e-9      645.691
    1.48625e-9      614.821
    1.63939e-9       585.43
    1.80831e-9      557.446
    1.99463e-9      530.803
    2.20015e-9      505.436
    2.42685e-9      481.285
    2.67691e-9      458.292
    2.95273e-9        436.4
    3.25697e-9      415.558
    3.59256e-9      395.715
    3.96272e-9      376.825
    4.37103e-9       358.84
    4.82141e-9       341.72
    5.31819e-9      325.423
    5.86616e-9      309.911
    6.47059e-9      295.147
     7.1373e-9      281.096
    7.87271e-9      267.723
    8.68389e-9      254.992
    9.57865e-9      242.868
    1.05656e-8      231.323
    1.16543e-8      220.329
    1.28551e-8      209.865
    1.41796e-8      199.911
    1.56406e-8      190.442
    1.72522e-8      181.428
    1.90298e-8      172.845
    2.09906e-8      164.673
    2.31534e-8      156.899
    2.52419e-8       150.37
       2.53e-8        150.2
    2.79068e-8      143.132
    3.07823e-8      136.404
     3.3954e-8      130.001
    3.74525e-8      123.915
    4.13115e-8      118.137
    4.55681e-8      112.651
    5.06179e-8      107.061
    5.58334e-8      102.102
    6.15863e-8      97.3874
    6.79319e-8      92.9099
    7.49314e-8      88.6582
    8.26521e-8      84.6245
    9.11684e-8       80.809
    1.01266e-7       76.932
    1.12489e-7      73.2528
    1.24948e-7      69.7797
    1.38795e-7      66.5014
    1.54168e-7      63.4118
    1.71253e-7      60.5035
    1.90221e-7        57.77
    2.11301e-7       55.191
    2.34706e-7      52.7711
    2.58889e-7      50.6592
    2.89593e-7      48.3996
    3.21685e-7      46.4159
    3.57316e-7      44.5723
    3.96913e-7      42.8632
    4.40876e-7      41.2886
    4.93163e-7       39.754
    5.51652e-7      38.3692
    6.17077e-7      37.1356
    6.90262e-7      36.0546
    7.72126e-7      35.1375
      8.637e-7      34.3909
    9.66133e-7      33.8301
     1.0817e-6      33.4742
    1.20151e-6      33.3591
    1.33474e-6      33.4891
    1.47227e-6      33.8762
    1.61259e-6      34.5188
      1.754e-6      35.4145
    1.89454e-6      36.5575
    2.03201e-6      37.9357
    2.16418e-6      39.5269
    2.28892e-6      41.2966
    2.40401e-6       43.191
    2.52476e-6      45.4885
    2.63314e-6      47.8624
    2.72706e-6      50.1961
     2.8242e-6      52.9217
    2.92494e-6       56.138
    3.00805e-6      59.1396
    3.09353e-6      62.6092
    3.15914e-6       65.576
    3.22631e-6      68.9254
    3.29475e-6      72.7089
     3.3648e-6      77.0278
    3.43617e-6      81.9665
    3.50923e-6      87.6815
    3.55874e-6      91.9945
    3.60895e-6      96.7852
    3.65987e-6      102.129
     3.7115e-6      108.118
    3.76386e-6      114.865
    3.81696e-6      122.506
    3.85726e-6      128.923
    3.89793e-6      136.018
    3.93917e-6      143.931
    3.98081e-6      152.756
    4.02283e-6      162.643
    4.06525e-6      173.776
    4.10826e-6      186.441
    4.13714e-6      195.838
    4.16622e-6      206.127
    4.19551e-6      217.428
      4.225e-6      229.881
     4.2547e-6      243.652
    4.28461e-6      258.934
    4.31472e-6      275.962
    4.34505e-6      295.023
    4.36791e-6      310.844
    4.39098e-6      328.258
    4.41404e-6      347.309
    4.43733e-6      368.412
    4.46072e-6      391.755
    4.48412e-6      417.538
    4.50784e-6      446.538
    4.53156e-6      478.862
     4.5554e-6      515.241
    4.57144e-6      542.254
    4.58748e-6      571.578
    4.60351e-6      603.486
    4.61967e-6      638.547
    4.63593e-6      677.199
     4.6522e-6      719.648
    4.66846e-6      766.412
    4.68484e-6      818.488
    4.70134e-6      876.729
    4.71783e-6      941.693
     4.7302e-6      995.472
    4.74257e-6      1054.18
    4.75512e-6      1119.39
    4.76766e-6      1191.08
    4.78021e-6      1270.13
    4.79275e-6       1357.6
     4.8053e-6      1454.75
    4.81796e-6      1564.15
    4.83069e-6      1687.39
    4.83917e-6       1778.1
    4.84765e-6      1876.55
    4.85613e-6      1983.67
    4.86461e-6      2100.54
    4.87309e-6      2228.37
    4.88293e-6       2392.2
    4.89131e-6      2547.11
     4.8997e-6      2718.03
    4.90809e-6      2907.25
    4.91648e-6      3117.48
    4.92207e-6      3270.88
    4.92887e-6      3473.46
    4.93567e-6      3695.82
    4.94246e-6      3940.58
    4.94926e-6      4210.73
    4.95493e-6      4457.74
    4.96059e-6      4727.07
    4.96626e-6      5021.27
    4.97192e-6      5343.21
    4.97759e-6      5696.07
    4.98325e-6      6083.39
    4.98892e-6      6509.04
    4.99458e-6      6977.24
    5.00025e-6      7492.55
    5.00591e-6       8059.8
    5.01158e-6      8684.04
    5.01724e-6      9370.44
    5.02291e-6      10124.1
    5.02857e-6      10950.1
    5.03424e-6      11852.9
     5.0399e-6      12836.3
    5.04557e-6      13903.3
    5.05123e-6      15055.3
     5.0569e-6      16292.2
    5.06256e-6      17611.8
    5.06823e-6      19009.4
    5.07672e-6      21235.4
    5.08805e-6      24382.6
    5.10505e-6      29200.2
    5.11355e-6      31483.5
    5.12204e-6        33563
    5.12771e-6      34790.6
    5.13337e-6      35860.8
    5.13904e-6      36750.1
     5.1447e-6      37438.4
    5.15037e-6      37909.9
    5.15632e-6      38159.6
    5.15943e-6      38187.7
    5.16493e-6      38064.5
    5.16906e-6      37827.9
    5.17473e-6      37309.5
    5.18039e-6      36577.9
    5.18719e-6        35443
    5.19399e-6      34062.5
    5.20249e-6        32057
    5.21099e-6        29825
    5.23931e-6      21873.4
    5.24781e-6      19613.4
    5.25347e-6      18186.4
    5.25914e-6      16833.6
     5.2648e-6      15560.7
    5.27047e-6      14370.9
    5.27613e-6      13265.2
     5.2818e-6        12243
    5.28746e-6      11302.1
    5.29313e-6      10439.2
    5.29879e-6       9650.2
    5.30446e-6      8930.45
    5.31012e-6      8275.03
    5.31579e-6      7678.89
    5.32145e-6      7137.04
    5.32712e-6       6644.6
    5.33278e-6      6196.98
    5.33845e-6      5789.84
    5.34411e-6      5419.18
    5.34978e-6      5081.32
    5.35544e-6      4772.93
    5.36111e-6      4490.98
    5.36677e-6      4232.79
    5.37244e-6      3995.91
    5.37924e-6      3736.77
    5.38518e-6      3530.07
    5.39113e-6      3340.05
    5.39906e-6      3109.71
    5.40699e-6      2902.52
    5.41592e-6      2693.42
    5.42484e-6      2506.32
    5.43376e-6      2338.25
    5.44268e-6       2186.7
    5.45161e-6      2049.58
    5.45939e-6      1940.34
    5.46901e-6      1817.13
    5.47863e-6      1705.42
    5.48825e-6      1603.81
    5.49787e-6      1511.12
    5.50749e-6      1426.33
    5.51711e-6      1348.57
    5.52672e-6      1277.07
    5.53641e-6      1210.73
    5.54617e-6      1149.09
     5.5608e-6      1065.21
    5.57543e-6      990.318
    5.59006e-6      923.182
     5.6047e-6      862.766
    5.61947e-6      807.715
    5.63431e-6      757.656
    5.64914e-6      712.212
    5.66398e-6      670.836
    5.67882e-6      633.058
    5.69373e-6      598.318
    5.70878e-6      566.164
    5.72884e-6      527.307
    5.74891e-6      492.465
    5.76897e-6      461.109
    5.78932e-6      432.411
    5.80967e-6       406.44
    5.83002e-6       382.86
    5.85036e-6      361.385
      5.871e-6      341.509
    5.89163e-6      323.337
    5.91227e-6      306.687
     5.9329e-6        291.4
    5.95383e-6      277.144
    5.98521e-6      257.843
     6.0166e-6      240.715
    6.04843e-6      225.245
    6.08027e-6      211.421
    6.11225e-6      198.968
    6.14453e-6      187.675
    6.17681e-6      177.506
    6.20939e-6      168.243
    6.24213e-6       159.83
    6.27486e-6       152.21
    6.30806e-6      145.201
    6.34126e-6      138.837
    6.38583e-6      131.186
    6.43072e-6      124.389
    6.47593e-6      118.344
    6.52145e-6      112.965
    6.56729e-6       108.18
    6.61345e-6      103.927
    6.65994e-6      100.152
    6.70676e-6      96.8107
     6.7539e-6      93.8639
    6.82512e-6      90.1187
    6.89733e-6       87.084
    6.97023e-6      84.7038
    7.04381e-6      82.9246
    7.11808e-6      81.7039
     7.1934e-6      81.0087
    7.26053e-6      80.8225
    7.34528e-6      81.1475
      7.432e-6      82.1135
    7.50092e-6      83.3389
    7.56762e-6      84.9192
    7.64767e-6       87.348
    7.71437e-6      89.8412
    7.79118e-6      93.2817
    7.87343e-6      97.7049
    7.92877e-6      101.157
    7.98451e-6       105.06
    8.04063e-6      109.466
    8.09716e-6      114.439
    8.15407e-6      120.051
    8.21139e-6      126.393
    8.26911e-6      133.571
    8.32724e-6      141.717
    8.38577e-6      150.988
    8.42988e-6      158.784
     8.4744e-6      167.457
    8.51892e-6       177.04
    8.56386e-6      187.761
    8.60901e-6      199.743
    8.65416e-6      213.117
    8.69994e-6      228.322
    8.74573e-6       245.45
    8.77625e-6      258.096
    8.80721e-6       272.06
    8.83816e-6      287.309
    8.86912e-6      304.002
    8.90007e-6      322.325
    8.93146e-6      342.793
    8.96285e-6      365.426
    8.99424e-6      390.539
    9.02563e-6      418.509
    9.04951e-6      441.969
    9.07339e-6      467.574
    9.09726e-6      495.592
    9.12114e-6      526.335
    9.14501e-6      560.171
    9.16911e-6      597.899
    9.19332e-6      639.944
    9.21754e-6      686.772
    9.24175e-6      739.142
    9.25789e-6      777.579
    9.27403e-6        819.2
    9.29636e-6      882.716
    9.31775e-6      950.984
    9.33201e-6      1001.13
    9.34627e-6      1055.48
    9.36053e-6       1114.5
    9.37479e-6      1178.77
    9.38905e-6      1248.92
    9.40196e-6      1318.14
     9.4193e-6      1420.82
    9.43087e-6      1496.28
    9.44243e-6      1578.08
    9.45399e-6      1666.97
    9.46555e-6      1763.82
    9.47711e-6       1869.6
    9.48868e-6      1985.49
    9.50175e-6       2130.4
    9.51482e-6      2292.26
     9.5279e-6      2473.89
    9.53661e-6      2607.59
    9.54533e-6      2752.75
    9.55404e-6      2910.72
    9.56374e-6      3103.38
    9.57174e-6      3277.61
    9.57975e-6      3467.26
    9.58775e-6      3674.17
    9.59576e-6      3900.45
    9.60465e-6      4177.48
    9.61176e-6      4420.94
    9.61888e-6      4686.15
    9.62599e-6      4975.52
    9.63311e-6      5291.76
    9.64022e-6      5637.81
    9.64734e-6      6016.94
    9.65445e-6      6432.69
    9.66157e-6      6888.87
    9.66869e-6      7389.55
     9.6758e-6      7939.02
    9.68291e-6      8541.69
    9.69003e-6      9202.08
    9.69714e-6       9924.6
    9.70426e-6      10713.5
    9.71137e-6      11572.7
    9.71849e-6      12505.4
     9.7256e-6      13514.2
    9.73272e-6      14600.4
    9.73984e-6      15764.3
    9.74695e-6      17004.4
    9.75762e-6      18999.3
    9.76829e-6      21137.4
    9.78252e-6      24153.1
    9.80743e-6      29547.4
     9.8181e-6        31734
    9.82877e-6      33736.1
    9.83678e-6      35069.9
    9.84478e-6      36225.2
    9.85367e-6      37265.9
    9.86079e-6      37893.3
     9.8679e-6      38324.2
    9.87502e-6        38550
    9.87922e-6      38584.8
    9.88462e-6      38521.7
     9.8921e-6        38236
    9.89921e-6      37755.7
    9.90633e-6      37082.3
    9.91344e-6      36229.5
    9.92056e-6      35214.2
    9.93123e-6      33429.8
     9.9419e-6      31397.4
    9.95613e-6      28434.9
    9.98459e-6      22289.9
    9.99526e-6      20093.9
    1.00059e-5      18024.2
    1.00131e-5      16727.9
    1.00202e-5      15504.5
    1.00273e-5      14356.9
    1.00344e-5      13286.2
    1.00415e-5      12292.2
    1.00486e-5      11373.1
    1.00557e-5      10526.5
    1.00629e-5      9748.97
      1.007e-5      9036.69
    1.00771e-5      8385.46
    1.00842e-5      7790.92
    1.00913e-5      7248.68
    1.00984e-5      6754.39
    1.01055e-5      6303.88
    1.01127e-5      5893.17
    1.01198e-5      5518.53
    1.01269e-5       5176.5
     1.0134e-5       4863.9
    1.01411e-5      4577.81
    1.01489e-5      4290.61
    1.01575e-5      4006.58
     1.0166e-5       3749.6
    1.01746e-5      3516.49
    1.01824e-5      3321.42
    1.01931e-5      3080.66
    1.02037e-5      2865.35
    1.02144e-5      2672.07
    1.02251e-5      2497.92
    1.02357e-5      2340.44
    1.02464e-5      2197.57
    1.02571e-5      2067.53
    1.02678e-5      1948.83
    1.02784e-5      1840.16
    1.02891e-5      1740.42
    1.02998e-5      1648.64
    1.03105e-5         1564
    1.03211e-5      1485.75
    1.03354e-5       1390.3
    1.03496e-5       1303.8
    1.03638e-5      1225.18
     1.0378e-5      1153.49
    1.03923e-5      1087.94
    1.04065e-5      1027.84
    1.04207e-5      972.604
     1.0435e-5      921.718
     1.0451e-5      869.116
     1.0467e-5      820.903
     1.0483e-5      776.602
     1.0499e-5      735.799
     1.0515e-5      698.135
     1.0539e-5      646.847
     1.0563e-5      601.018
    1.05817e-5      568.745
    1.06003e-5      539.008
    1.06189e-5      511.548
    1.06469e-5      474.136
    1.06748e-5       440.68
    1.07028e-5      410.635
     1.0731e-5      383.306
    1.07593e-5      358.494
    1.07876e-5      336.006
     1.0816e-5      315.567
    1.08443e-5      296.938
    1.08728e-5      279.835
    1.09015e-5      264.026
    1.09302e-5      249.515
     1.0959e-5      236.162
    1.09973e-5      219.952
    1.10359e-5      205.249
    1.10747e-5      191.878
    1.11136e-5      179.767
    1.11524e-5      168.763
    1.11916e-5      158.668
     1.1231e-5      149.386
    1.12704e-5      140.893
    1.13098e-5      133.101
    1.13495e-5      125.886
    1.13894e-5      119.195
    1.14294e-5      113.021
    1.14893e-5      104.618
    1.15501e-5      97.0144
    1.16109e-5       90.206
     1.1672e-5      84.0591
    1.17336e-5      78.4675
    1.17953e-5      73.4156
    1.18575e-5      68.7981
      1.192e-5      64.5839
    1.19825e-5      60.7388
    1.20459e-5      57.1735
    1.21093e-5      53.9098
     1.2173e-5      50.9022
    1.22373e-5      48.1128
     1.2323e-5      44.7342
    1.24099e-5       41.656
    1.24968e-5      38.8824
     1.2585e-5       36.341
    1.26732e-5      34.0387
    1.27626e-5      31.9184
     1.2852e-5      29.9883
    1.29426e-5      28.2026
    1.30333e-5      26.5702
    1.31252e-5      25.0537
    1.32171e-5      23.6621
    1.33104e-5      22.3645
    1.34036e-5      21.1696
    1.34982e-5      20.0517
    1.35927e-5       19.019
    1.36886e-5        18.05
    1.37845e-5       17.153
    1.39303e-5      15.9139
    1.40776e-5      14.7888
    1.42262e-5      13.7668
    1.43762e-5      12.8374
    1.45283e-5      11.9861
    1.46818e-5      11.2084
    1.48368e-5      10.4963
    1.49933e-5      9.84287
    1.51519e-5      9.23938
    1.53121e-5      8.68365
    1.54737e-5      8.17095
    1.56368e-5      7.69714
    1.58023e-5      7.25655
    1.59693e-5      6.84818
    1.61379e-5      6.46911
     1.6308e-5      6.11674
    1.65381e-5      5.68314
    1.67715e-5      5.28765
    1.70081e-5      4.92683
     1.7248e-5      4.59619
    1.74914e-5      4.29234
    1.77381e-5      4.01304
    1.79884e-5      3.75587
    1.82422e-5      3.51871
    1.84995e-5      3.29972
    1.87605e-5      3.09778
    1.90252e-5      2.91023
    1.92936e-5      2.73623
    1.95658e-5       2.5747
    1.98419e-5      2.42456
    2.01218e-5      2.28485
    2.04057e-5      2.15469
    2.06936e-5       2.0333
    2.09855e-5      1.91995
    2.12816e-5      1.81405
    2.15818e-5      1.71505
    2.18863e-5      1.62238
    2.21951e-5      1.53554
    2.25082e-5      1.45411
    2.28258e-5      1.37771
    2.31478e-5      1.30599
    2.34744e-5      1.23859
    2.38055e-5      1.17518
    2.43117e-5      1.08693
    2.48274e-5      1.00644
    2.51776e-5       0.9567
     2.5713e-5     0.887126
    2.62584e-5     0.823342
    2.68167e-5     0.764644
    2.73855e-5     0.710816
    2.77719e-5     0.677171
    2.83624e-5     0.630131
     2.8964e-5       0.5869
    2.95798e-5     0.546898
    3.02072e-5     0.509973
    3.08495e-5     0.475713
    3.15039e-5     0.444143
    3.21737e-5     0.414894
    3.28562e-5     0.387789
    3.35547e-5     0.362576
    3.42665e-5     0.339304
    3.49951e-5     0.317585
    3.57374e-5      0.29747
    3.64972e-5     0.278736
    3.72714e-5     0.261325
    3.80638e-5     0.245107
    3.88712e-5      0.23002
    3.96977e-5     0.215939
    4.05398e-5      0.20285
    4.14017e-5     0.190599
    4.22799e-5      0.17933
    4.31789e-5     0.168626
    4.40948e-5     0.158664
    4.50323e-5     0.149363
    4.63119e-5     0.137962
    4.72943e-5     0.130041
    4.82998e-5     0.122628
    4.93243e-5     0.115721
    5.03731e-5     0.109254
    5.14416e-5     0.103228
    5.25353e-5    0.0975888
    5.36497e-5     0.092338
    5.47904e-5    0.0874126
    5.59526e-5    0.0828407
    5.75425e-5    0.0772383
    5.91776e-5     0.072166
    6.04358e-5     0.068674
    6.21531e-5     0.064475
    6.34715e-5    0.0616412
     6.4821e-5     0.059097
    6.66629e-5    0.0561515
     6.8077e-5    0.0543398
    6.95244e-5    0.0529165
    7.05053e-5    0.0522324
       7.15e-5    0.0517986
    7.25371e-5    0.0516708
    7.33046e-5    0.0518412
    7.40794e-5    0.0522869
    7.48614e-5    0.0530632
    7.53876e-5    0.0538212
    7.59175e-5    0.0548189
    7.64512e-5    0.0561025
    7.69886e-5    0.0577372
    7.73945e-5     0.059247
    7.78004e-5     0.061041
     7.8212e-5    0.0632062
    7.86236e-5    0.0657753
    7.90371e-5    0.0688762
    7.93154e-5    0.0713178
    7.95937e-5    0.0740934
     7.9872e-5    0.0772587
    8.01522e-5    0.0809061
    8.04344e-5    0.0851337
    8.06461e-5    0.0887394
    8.08577e-5    0.0927781
    8.10694e-5    0.0973176
     8.1283e-5     0.102495
    8.14976e-5     0.108403
    8.17123e-5     0.115126
    8.19269e-5     0.122812
      8.207e-5     0.128581
    8.22131e-5     0.134952
    8.23469e-5     0.141523
    8.24713e-5     0.148236
    8.25957e-5     0.155606
    8.27201e-5     0.163719
    8.28445e-5     0.172677
     8.2969e-5     0.182601
    8.30934e-5     0.193633
    8.32178e-5     0.205945
    8.33248e-5     0.217716
    8.34145e-5     0.228536
    8.35042e-5     0.240339
    8.35939e-5     0.253248
    8.36836e-5     0.267401
    8.37733e-5     0.282963
     8.3863e-5      0.30013
    8.39527e-5     0.319137
    8.40295e-5     0.337105
    8.41256e-5     0.362073
    8.41897e-5     0.380482
    8.42538e-5     0.400494
    8.43178e-5     0.422298
    8.43819e-5     0.446118
    8.44459e-5     0.472208
      8.451e-5     0.500871
    8.45869e-5     0.539163
    8.46381e-5     0.567387
    8.46894e-5     0.598062
    8.47406e-5     0.631485
    8.47919e-5     0.667996
    8.48431e-5     0.707993
    8.48944e-5      0.75194
    8.49408e-5     0.795633
    8.49825e-5     0.838333
    8.50241e-5     0.884781
    8.50657e-5     0.935438
    8.51074e-5     0.990844
     8.5149e-5      1.05163
    8.51907e-5      1.11853
    8.52323e-5      1.19243
    8.52691e-5      1.26447
    8.53012e-5      1.33289
    8.53332e-5      1.40737
    8.53652e-5      1.48868
    8.53973e-5      1.57772
    8.54293e-5      1.67556
    8.54613e-5      1.78346
    8.54934e-5      1.90293
    8.55222e-5      2.02188
    8.55478e-5      2.13806
    8.55734e-5      2.26551
    8.55991e-5      2.40591
    8.56247e-5      2.56131
    8.56503e-5      2.73427
    8.56759e-5      2.92796
    8.56952e-5      3.08924
    8.57144e-5      3.26658
    8.57349e-5      3.47635
    8.57554e-5       3.7112
    8.57707e-5      3.90662
    8.57861e-5      4.12126
    8.58015e-5        4.358
    8.58169e-5      4.62022
    8.58323e-5      4.91194
    8.58476e-5      5.23785
     8.5863e-5      5.60348
    8.58784e-5      6.01528
    8.58904e-5      6.37393
    8.59024e-5      6.76941
    8.59144e-5       7.2063
    8.59264e-5       7.6897
    8.59384e-5      8.22528
    8.59504e-5      8.81932
    8.59625e-5      9.47871
    8.59745e-5       10.211
    8.59865e-5      11.0246
    8.59985e-5      11.9283
    8.60097e-5      12.8616
    8.60193e-5      13.7371
    8.60289e-5      14.6883
    8.60385e-5       15.721
    8.60481e-5      16.8413
    8.60577e-5      18.0554
    8.60674e-5        19.37
     8.6077e-5      20.7916
    8.60866e-5       22.327
    8.60962e-5       23.983
    8.61058e-5      25.7664
    8.61148e-5      27.5519
    8.61263e-5       30.028
    8.61378e-5      32.7173
    8.61494e-5      35.6301
    8.61609e-5      38.7762
    8.61724e-5      42.1639
     8.6184e-5      45.8002
    8.61955e-5      49.6905
    8.62102e-5      55.0366
    8.62237e-5      60.2866
    8.62371e-5      65.8854
    8.62506e-5      71.8244
    8.62685e-5      80.2467
    8.62868e-5      89.3938
    8.63076e-5      100.325
     8.6336e-5       116.02
    8.63898e-5      146.274
    8.64103e-5      157.284
    8.64308e-5      167.612
    8.64503e-5       176.55
    8.64698e-5      184.419
    8.64852e-5      189.745
    8.65005e-5      194.193
    8.65159e-5      197.691
    8.65293e-5      199.907
    8.65477e-5      201.674
    8.65599e-5      201.992
    8.65764e-5      201.339
    8.65948e-5      199.151
    8.66102e-5      196.188
    8.66256e-5      192.243
    8.66358e-5        189.1
    8.66563e-5      181.684
    8.66768e-5      172.945
    8.66973e-5      163.123
    8.67179e-5      152.475
    8.67486e-5      135.531
    8.67968e-5      108.464
    8.68183e-5      96.8004
    8.68398e-5      85.6873
     8.6856e-5      77.8038
    8.68739e-5      69.5615
    8.68874e-5      63.7632
    8.69008e-5      58.3072
    8.69143e-5      53.2001
    8.69245e-5      49.5442
    8.69361e-5      45.6731
    8.69476e-5      42.0544
    8.69591e-5      38.6828
    8.69706e-5      35.5511
    8.69822e-5       32.651
    8.69937e-5      29.9729
    8.70052e-5      27.5066
    8.70142e-5      25.7276
    8.70238e-5      23.9503
    8.70334e-5      22.2995
     8.7043e-5      20.7685
    8.70526e-5      19.3505
    8.70622e-5      18.0389
    8.70719e-5      16.8271
    8.70815e-5      15.7086
    8.70911e-5      14.6772
    8.71007e-5      13.7269
    8.71103e-5      12.8518
    8.71215e-5      11.9187
    8.71335e-5      11.0148
    8.71455e-5      10.2007
    8.71575e-5      9.46766
    8.71696e-5      8.80736
    8.71816e-5      8.21232
    8.71936e-5      7.67567
    8.72056e-5      7.19117
    8.72176e-5      6.75321
    8.72296e-5      6.35668
    8.72416e-5      5.99705
     8.7257e-5       5.5841
    8.72724e-5      5.21745
    8.72877e-5      4.89065
    8.73031e-5      4.59819
    8.73185e-5      4.33536
    8.73339e-5      4.09815
    8.73493e-5      3.88314
    8.73646e-5      3.68745
    8.73851e-5      3.45239
    8.74056e-5      3.24254
    8.74248e-5      3.06522
    8.74441e-5      2.90403
    8.74569e-5      2.80446
    8.74825e-5      2.62184
    8.75081e-5      2.45832
    8.75338e-5      2.31105
    8.75594e-5      2.17772
     8.7585e-5      2.05647
    8.76106e-5      1.94577
    8.76427e-5       1.8203
    8.76747e-5      1.70728
    8.77067e-5      1.60503
    8.77388e-5      1.51216
    8.77708e-5      1.42751
    8.78028e-5       1.3501
    8.78348e-5      1.27912
    8.78669e-5      1.21383
    8.79085e-5      1.13649
    8.79502e-5      1.06662
    8.79918e-5      1.00326
    8.80334e-5     0.945617
    8.80751e-5     0.893001
    8.81167e-5     0.844833
    8.81584e-5     0.800616
       8.82e-5     0.759924
    8.82513e-5     0.714135
    8.83025e-5     0.672534
    8.83538e-5     0.634621
     8.8405e-5     0.599968
    8.84563e-5     0.568208
    8.85075e-5     0.539026
    8.85587e-5     0.512148
      8.861e-5     0.487335
    8.86741e-5     0.458909
    8.87381e-5     0.433035
    8.88022e-5     0.409417
    8.88662e-5     0.387797
    8.89303e-5     0.367955
    8.89944e-5     0.349703
    8.90905e-5     0.324946
    8.91673e-5     0.307129
     8.9257e-5     0.288279
    8.93467e-5     0.271251
    8.94364e-5     0.255812
    8.95261e-5     0.241767
    8.96158e-5     0.228954
    8.97055e-5     0.217234
    8.97952e-5     0.206485
    8.98977e-5     0.195259
     9.0013e-5     0.183818
    9.01283e-5     0.173479
    9.02436e-5     0.164103
    9.03589e-5     0.155574
    9.04742e-5     0.147792
    9.05895e-5     0.140673
    9.07625e-5     0.131075
    9.09163e-5     0.123489
      9.107e-5     0.116666
    9.12237e-5     0.110509
    9.13775e-5     0.104937
    9.15312e-5    0.0998741
     9.1685e-5    0.0952515
    9.19156e-5    0.0890343
    9.21547e-5    0.0833778
    9.23981e-5    0.0783143
    9.26414e-5    0.0738394
    9.28848e-5    0.0698657
    9.31281e-5     0.066318
    9.33726e-5    0.0631182
    9.36194e-5    0.0602104
    9.39484e-5    0.0567648
    9.42775e-5    0.0537369
    9.46065e-5      0.05106
    9.49402e-5    0.0486479
    9.52739e-5    0.0464982
    9.56076e-5    0.0445796
    9.61104e-5    0.0420202
     9.6618e-5    0.0397891
    9.71256e-5    0.0378492
     9.7638e-5    0.0361338
    9.81527e-5    0.0346141
    9.86674e-5    0.0332649
    9.93635e-5    0.0316648
   0.000100059    0.0302766
   0.000100765     0.029053
   0.000101471    0.0279661
   0.000102545    0.0265368
   0.000103629    0.0253139
   0.000104723      0.02425
   0.000105827    0.0233166
   0.000106946    0.0224895
   0.000108455    0.0215237
   0.000110369    0.0204927
   0.000111926    0.0197747
   0.000113505      0.01914
   0.000115919    0.0183142
   0.000118378    0.0176122
   0.000120895    0.0170111
   0.000123459    0.0165144
   0.000126084    0.0160782
   0.000128636    0.0157301
   0.000132291    0.0153549
   0.000135104    0.0151416
   0.000138943    0.0149615
    0.00014189    0.0148937
   0.000144106    0.0148816
   0.000147388    0.0149321
   0.000150515    0.0150517
   0.000153715     0.015247
   0.000156867    0.0155142
   0.000160202    0.0158831
   0.000163601    0.0163579
   0.000166609    0.0168649
   0.000170143    0.0175858
   0.000172544    0.0181477
   0.000176117    0.0191327
   0.000178507    0.0198966
   0.000180859     0.020744
   0.000183245    0.0217084
   0.000185598    0.0227816
   0.000187984    0.0240048
   0.000190336    0.0253716
   0.000192047    0.0264758
   0.000194072    0.0279175
   0.000196077      0.02951
   0.000198152    0.0313673
   0.000200246    0.0334772
   0.000202216    0.0357121
   0.000203919    0.0378805
   0.000205358    0.0399061
   0.000206796    0.0421342
   0.000208255     0.044627
   0.000209714    0.0473868
    0.00021113    0.0503263
   0.000212545    0.0536188
   0.000213722    0.0566408
   0.000214898    0.0599563
   0.000216074     0.063608
   0.000217251    0.0676384
   0.000218427    0.0721062
   0.000219603    0.0770715
   0.000220779    0.0826168
   0.000221662    0.0872084
   0.000222522    0.0920907
   0.000223371      0.09735
    0.00022422     0.103107
   0.000225052     0.109295
   0.000225885      0.11609
   0.000226718     0.123576
    0.00022755     0.131848
   0.000228383     0.141017
   0.000229215     0.151197
   0.000230048     0.162603
    0.00023088     0.175404
   0.000231435      0.18483
    0.00023199     0.195063
   0.000232545     0.206199
     0.0002331     0.218323
   0.000233655     0.231584
    0.00023421     0.246154
   0.000234765     0.262185
    0.00023532     0.279877
   0.000235875     0.299469
    0.00023643     0.321245
   0.000236846      0.33921
   0.000237263     0.358758
   0.000237679     0.380082
   0.000238095     0.403405
   0.000238511     0.428983
   0.000238928      0.45712
   0.000239344     0.488169
    0.00023976     0.522547
   0.000240176      0.56075
   0.000240593     0.603368
   0.000241009     0.651101
   0.000241286     0.686145
   0.000241564     0.724069
   0.000241841      0.76526
   0.000242096     0.806286
   0.000242443     0.867911
   0.000242789     0.936989
   0.000243021     0.987781
   0.000243252      1.04286
   0.000243483      1.10273
   0.000243714      1.16794
    0.00024398      1.25042
   0.000244206      1.32746
   0.000244431      1.41189
   0.000244657      1.50468
   0.000244882      1.60702
   0.000245096      1.71419
   0.000245287      1.81919
   0.000245478      1.93426
   0.000245657      2.05269
   0.000245836      2.18245
   0.000246015      2.32504
   0.000246189      2.47689
   0.000246362      2.64426
   0.000246536      2.82934
   0.000246709      3.03474
   0.000246882      3.26357
   0.000246998      3.43095
   0.000247125      3.63052
   0.000247252       3.8482
   0.000247368       4.0637
   0.000247484        4.298
   0.000247599      4.55337
   0.000247715      4.83242
   0.000247831      5.13822
   0.000247946      5.47432
   0.000248062       5.8449
   0.000248178       6.2549
   0.000248293      6.71016
    0.00024838      7.08548
   0.000248467      7.49363
   0.000248553       7.9386
    0.00024864      8.42502
   0.000248723      8.93597
   0.000248806      9.49564
    0.00024889      10.1105
   0.000248973      10.7883
   0.000249056      11.5379
   0.000249135      12.3216
   0.000249211      13.1629
   0.000249287      14.0957
   0.000249364       15.134
    0.00024944      16.2947
   0.000249514      17.5569
   0.000249584       18.883
   0.000249653      20.3711
   0.000249699      21.4671
   0.000249745      22.6579
   0.000249792      23.9553
   0.000249838      25.3731
   0.000249882      26.8465
   0.000249923      28.3711
   0.000249965      30.0378
   0.000250007      31.8661
   0.000250048      33.8793
    0.00025009      36.1051
   0.000250132      38.5769
   0.000250173      41.3349
   0.000250211       44.156
   0.000250246      47.0027
   0.000250281      50.1595
   0.000250315      53.6739
    0.00025035      57.6015
   0.000250376      60.8573
   0.000250402      64.4136
   0.000250428      68.3058
   0.000250454      72.5734
   0.000250483      77.8087
   0.000250506      82.4146
   0.000250529      87.4324
   0.000250552      92.9032
   0.000250576      98.8712
   0.000250599      105.384
   0.000250622      112.492
   0.000250645      120.249
   0.000250666       127.92
   0.000250685      135.368
   0.000250704       143.36
   0.000250723      151.929
   0.000250742       161.11
   0.000250761      170.936
   0.000250789      186.961
   0.000250808      198.548
   0.000250832      214.343
   0.000250856      231.422
    0.00025088      249.836
   0.000250904       269.63
   0.000250932      294.228
    0.00025096      320.734
   0.000250988      349.152
   0.000251015      379.449
   0.000251052      422.648
   0.000251089      468.793
   0.000251126      517.474
   0.000251182          594
   0.000251293      749.821
   0.000251348      822.439
   0.000251385      866.368
   0.000251422      905.429
   0.000251459      938.597
   0.000251496      964.972
   0.000251527      981.087
   0.000251556      991.271
   0.000251586      996.619
   0.000251599      997.175
   0.000251628      994.681
   0.000251655      987.467
   0.000251683      975.652
    0.00025171      960.037
   0.000251745      933.736
   0.000251781      900.508
   0.000251818      860.755
   0.000251855      816.285
   0.000251911      743.153
   0.000252059      536.109
   0.000252105      474.654
   0.000252142      428.219
   0.000252179       384.68
   0.000252207      354.105
   0.000252235      325.395
   0.000252262      298.589
   0.000252291      272.892
   0.000252322      247.743
   0.000252342       232.21
   0.000252371       211.47
   0.000252398      194.041
   0.000252425      178.132
   0.000252452      163.651
   0.000252479      150.501
   0.000252506      138.583
   0.000252529      129.519
   0.000252552      121.187
   0.000252574      113.531
   0.000252597      106.498
   0.000252619       100.04
   0.000252642      94.1086
   0.000252664      88.6593
   0.000252687      83.6509
   0.000252709       79.044
   0.000252732      74.8037
   0.000252756      70.6088
   0.000252784      66.2395
   0.000252812      62.2752
   0.000252839      58.6706
   0.000252867      55.3856
   0.000252895      52.3848
   0.000252923      49.6369
    0.00025295      47.1143
   0.000252987      44.0599
   0.000253025       41.314
   0.000253064      38.6881
   0.000253105        36.19
   0.000253147       33.942
   0.000253189      31.9101
    0.00025323      30.0659
   0.000253272      28.3858
   0.000253314      26.8497
   0.000253355      25.4409
   0.000253404      23.9391
   0.000253459      22.3863
   0.000253515      20.9852
    0.00025357      19.7159
   0.000253626      18.5618
   0.000253681      17.5089
   0.000253737      16.5454
   0.000253792      15.6612
   0.000253855      14.7503
   0.000253924      13.8303
   0.000253993      12.9952
   0.000254063      12.2348
   0.000254132      11.5403
   0.000254202      10.9041
   0.000254271      10.3198
    0.00025434       9.7818
   0.000254415      9.24563
   0.000254496      8.71657
   0.000254577      8.23207
   0.000254658      7.78721
   0.000254739      7.37774
    0.00025482      6.99996
   0.000254942      6.48583
   0.000255023      6.17411
   0.000255127      5.80548
   0.000255231      5.46909
   0.000255335      5.16126
   0.000255439      4.87883
   0.000255543      4.61906
   0.000255647      4.37959
   0.000255751      4.15833
   0.000255855      3.95349
   0.000255994      3.70319
   0.000256133      3.47603
   0.000256271      3.26924
    0.00025641      3.08048
   0.000256549       2.9077
   0.000256687       2.7491
   0.000256826      2.60313
   0.000256965      2.46846
   0.000257127      2.32409
   0.000257289      2.19198
   0.000257451       2.0708
   0.000257612      1.95939
   0.000257774      1.85673
   0.000257936      1.76194
   0.000258179      1.63279
   0.000258369      1.54153
   0.000258586      1.44599
   0.000258804      1.35906
   0.000259021      1.27976
   0.000259239       1.2074
   0.000259456      1.14206
   0.000259619      1.09866
   0.000259783      1.06168
   0.000259946      1.03282
       0.00026      1.02519
       0.00026      17.5715
   0.000263668      17.4244
   0.000267388      17.2752
    0.00027116       17.124
   0.000274986      16.9706
   0.000278866       16.815
       0.00028      16.7695
    0.00028395       16.628
   0.000287956      16.4846
   0.000292019      16.3391
   0.000296139      16.1915
        0.0003      16.0532
   0.000304232      15.9173
   0.000308525      15.7794
   0.000312877      15.6396
   0.000317292      15.4979
   0.000321768      15.3541
      0.000325      15.2503
   0.000329585        15.12
   0.000334235      14.9879
    0.00033895      14.8539
   0.000343732       14.718
   0.000348582      14.5801
       0.00035      14.5398
   0.000354938      14.4146
   0.000359945      14.2876
   0.000365024      14.1589
   0.000370173      14.0283
      0.000375      13.9058
   0.000380291      13.7852
   0.000385656      13.6629
   0.000391097      13.5389
   0.000396614      13.4131
        0.0004      13.3359
   0.000405643      13.2198
   0.000411366       13.102
    0.00041717      12.9826
   0.000423055      12.8615
      0.000425      12.8215
   0.000430996      12.7092
   0.000437077      12.5954
   0.000443243      12.4799
   0.000449496      12.3628
       0.00045      12.3534
   0.000456349      12.2447
   0.000462787      12.1344
   0.000469316      12.0226
      0.000475      11.9252
   0.000481701      11.8198
   0.000488497      11.7128
   0.000495389      11.6043
        0.0005      11.5318
   0.000507054      11.4293
   0.000514208      11.3254
   0.000521462      11.2201
      0.000525      11.1687
   0.000532407      11.0691
   0.000539918      10.9681
   0.000547535      10.8657
       0.00055      10.8325
    0.00055776      10.7356
   0.000565628      10.6372
   0.000573609      10.5375
      0.000575      10.5201
   0.000583112      10.4256
   0.000591339      10.3298
   0.000599682      10.2326
        0.0006      10.2289
   0.000608465      10.1398
   0.000617049      10.0494
   0.000625755      9.95781
   0.000634583      9.86488
   0.000643536      9.77064
       0.00065       9.7026
    0.00065917      9.61742
    0.00066847      9.53103
   0.000677901      9.44343
   0.000687465      9.35459
   0.000697164       9.2645
        0.0007      9.23815
   0.000709876      9.15649
   0.000719891      9.07368
   0.000730047       8.9897
   0.000740347      8.90453
       0.00075      8.82471
   0.000760581      8.74625
   0.000771312      8.66667
   0.000782193      8.58597
   0.000793229      8.50414
        0.0008      8.45392
   0.000811287      8.37842
   0.000822732      8.30186
    0.00083434      8.22422
   0.000846111      8.14548
       0.00085      8.11946
   0.000861992      8.04663
   0.000874153      7.97276
   0.000886486      7.89785
   0.000898993      7.82189
        0.0009      7.81577
   0.000912697      7.74538
   0.000925574      7.67399
   0.000938632       7.6016
       0.00095      7.53858
   0.000963403      7.47045
   0.000976995      7.40135
   0.000990778      7.33128
         0.001      7.28441
    0.00101411      7.21912
    0.00102842      7.15291
    0.00104292      7.08577
    0.00105764      7.01767
     0.0010625      6.99518
    0.00107749      6.93224
    0.00109269      6.86842
    0.00110811      6.80369
    0.00112374      6.73805
      0.001125      6.73277
    0.00114087      6.67199
    0.00115697      6.61036
    0.00117329      6.54786
     0.0011875      6.49345
    0.00120425      6.43467
    0.00122124      6.37506
    0.00123847      6.31462
       0.00125      6.27417
    0.00126764      6.21725
    0.00128552      6.15952
    0.00130366      6.10097
     0.0013125      6.07242
    0.00133102      6.01721
     0.0013498      5.96123
    0.00136884      5.90445
      0.001375      5.88608
     0.0013944      5.83248
    0.00141407      5.77812
    0.00143402        5.723
     0.0014375      5.71339
    0.00145778      5.66129
    0.00147835      5.60845
     0.0014992      5.55487
        0.0015      5.55283
    0.00152116      5.50383
    0.00154262      5.45414
    0.00156439      5.40376
    0.00158646      5.35266
    0.00160884      5.30083
      0.001625      5.26342
    0.00164793       5.2168
    0.00167118      5.16953
    0.00169475      5.12159
    0.00171866      5.07297
    0.00174291      5.02367
       0.00175      5.00925
    0.00177469      4.96478
    0.00179973      4.91967
    0.00182512      4.87393
    0.00185087      4.82754
      0.001875      4.78406
    0.00190145      4.74152
    0.00192828      4.69837
    0.00195548      4.65461
    0.00198307      4.61024
         0.002      4.58301
    0.00202822      4.54231
    0.00205683      4.50104
    0.00208585      4.45918
    0.00211528      4.41673
      0.002125      4.40271
    0.00215498      4.36361
    0.00218538      4.32395
    0.00221621      4.28374
    0.00224748      4.24296
       0.00225      4.23967
    0.00228174      4.20204
    0.00231393      4.16387
    0.00234658      4.12516
      0.002375      4.09147
    0.00240851      4.05518
    0.00244249      4.01839
    0.00247695      3.98107
        0.0025      3.95611
    0.00253527      3.92107
    0.00257104      3.88555
    0.00260731      3.84952
      0.002625      3.83195
    0.00266203      3.79807
    0.00269959      3.76373
    0.00273768      3.72889
       0.00275      3.71762
     0.0027888      3.68483
    0.00282814      3.65158
    0.00286804      3.61786
      0.002875      3.61198
    0.00291556       3.5802
    0.00295669      3.54798
    0.00299841       3.5153
         0.003      3.51405
    0.00304232       3.4843
    0.00308525      3.45413
    0.00312877      3.42353
    0.00317291       3.3925
    0.00321768      3.36104
       0.00325      3.33832
    0.00329585      3.31017
    0.00334235      3.28162
     0.0033895      3.25267
    0.00343732      3.22332
    0.00348582      3.19355
        0.0035      3.18484
    0.00354938      3.15813
    0.00359945      3.13104
    0.00365024      3.10356
    0.00370173       3.0757
       0.00375      3.04959
    0.00380291      3.02417
    0.00385656      2.99839
    0.00391097      2.97225
    0.00396614      2.94574
         0.004      2.92947
    0.00405643      2.90523
    0.00411366      2.88065
     0.0041717      2.85572
    0.00423055      2.83043
       0.00425      2.82208
    0.00430996      2.79891
    0.00437077      2.77541
    0.00443243      2.75158
    0.00449496      2.72741
        0.0045      2.72547
    0.00456349      2.70327
    0.00462787      2.68077
    0.00469316      2.65795
       0.00475      2.63808
    0.00481701      2.61678
    0.00488497      2.59519
    0.00495389       2.5733
         0.005      2.55865
    0.00507054      2.53822
    0.00514208      2.51751
    0.00521462      2.49651
       0.00525      2.48626
    0.00532407      2.46661
    0.00539918      2.44668
    0.00547535      2.42646
        0.0055      2.41992
     0.0055776      2.40099
    0.00565629      2.38178
    0.00573609       2.3623
       0.00575      2.35891
    0.00583112      2.34063
    0.00591339       2.3221
    0.00599682      2.30331
         0.006       2.3026
    0.00608465      2.28554
    0.00617049      2.26823
    0.00625755      2.25069
    0.00634583       2.2329
    0.00643536      2.21485
        0.0065      2.20182
     0.0065917      2.18582
     0.0066847      2.16959
    0.00677901      2.15314
    0.00687465      2.13645
    0.00697164      2.11952
         0.007      2.11457
    0.00709876       2.0995
    0.00719891      2.08421
    0.00730047      2.06871
    0.00740347      2.05299
        0.0075      2.03825
    0.00760581      2.02402
    0.00771312      2.00959
    0.00782193      1.99496
    0.00793229      1.98012
         0.008      1.97102
    0.00811287       1.9575
    0.00822732       1.9438
     0.0083434       1.9299
    0.00846111       1.9158
        0.0085      1.91114
    0.00861992      1.89832
    0.00874153      1.88532
    0.00886486      1.87214
    0.00898993      1.85877
         0.009      1.85769
    0.00912697       1.8455
    0.00925574      1.83314
    0.00938632       1.8206
        0.0095      1.80969
    0.00963403      1.79808
    0.00976995       1.7863
    0.00990778      1.77436
          0.01      1.76637
     0.0101411      1.75531
     0.0102842       1.7441
     0.0104292      1.73274
     0.0105764      1.72121
      0.010625       1.7174
     0.0107749      1.70694
     0.0109269      1.69634
     0.0110811      1.68558
     0.0112374      1.67467
       0.01125      1.67379
     0.0114087      1.66388
     0.0115697      1.65382
     0.0117329      1.64362
      0.011875      1.63474
     0.0120425      1.62532
     0.0122124      1.61576
     0.0123847      1.60606
        0.0125      1.59958
     0.0126764      1.59101
     0.0128552      1.58232
     0.0130366      1.57351
     0.0132205      1.56457
      0.013407      1.55551
     0.0135961      1.54632
       0.01375      1.53885
      0.013944      1.53101
     0.0141407      1.52305
     0.0143402      1.51499
     0.0145425      1.50681
     0.0147477      1.49851
     0.0149558       1.4901
         0.015      1.48831
     0.0152116      1.48096
     0.0154262      1.47352
     0.0156439      1.46596
     0.0158646       1.4583
     0.0160884      1.45053
       0.01625      1.44492
     0.0164793      1.43812
     0.0167117      1.43122
     0.0169475      1.42423
     0.0171866      1.41713
     0.0174291      1.40994
        0.0175      1.40783
     0.0177469       1.4015
     0.0179973      1.39508
     0.0182512      1.38856
     0.0185087      1.38196
       0.01875      1.37577
     0.0190145      1.36985
     0.0192828      1.36385
     0.0195548      1.35776
     0.0198307      1.35158
          0.02      1.34779
     0.0202822      1.34224
     0.0205683       1.3366
     0.0208585      1.33088
     0.0211528      1.32509
       0.02125      1.32317
     0.0215498      1.31794
     0.0218538      1.31263
     0.0221621      1.30724
     0.0224748      1.30178
        0.0225      1.30134
     0.0228174      1.29664
     0.0231393      1.29188
     0.0234658      1.28705
     0.0237969      1.28215
     0.0241326      1.27719
     0.0244731      1.27215
     0.0248183      1.26704
         0.025      1.26435
     0.0253527      1.26008
     0.0257104      1.25575
     0.0260731      1.25135
      0.026441       1.2469
      0.026814      1.24238
     0.0271923       1.2378
        0.0275      1.23407
      0.027888      1.23017
     0.0282814      1.22621
     0.0286804       1.2222
     0.0290851      1.21813
     0.0294954      1.21401
     0.0299115      1.20982
          0.03      1.20893
     0.0304232      1.20542
     0.0308525      1.20186
     0.0312877      1.19824
     0.0317292      1.19458
     0.0321768      1.19086
        0.0325      1.18818
     0.0329585      1.18494
     0.0334235      1.18165
      0.033895      1.17832
     0.0343732      1.17493
     0.0348582      1.17151
         0.035       1.1705
     0.0354938       1.1677
     0.0359945      1.16486
     0.0365024      1.16198
     0.0370173      1.15905
     0.0375396      1.15609
     0.0380692      1.15308
     0.0386063      1.15003
      0.039151      1.14694
     0.0397033      1.14381
          0.04      1.14212
     0.0405643      1.13982
     0.0411366      1.13748
      0.041717      1.13512
     0.0423055      1.13272
     0.0429024      1.13028
     0.0435077      1.12781
     0.0441215      1.12531
      0.044744      1.12277
         0.045      1.12172
     0.0456349      1.11975
     0.0462787      1.11775
     0.0469316      1.11572
     0.0475937      1.11366
     0.0482652      1.11157
     0.0489461      1.10945
     0.0496367      1.10731
          0.05      1.10618
     0.0507054      1.10465
     0.0514208      1.10311
     0.0521462      1.10154
     0.0528819      1.09995
      0.053628      1.09834
     0.0543846       1.0967
         0.055      1.09537
     0.0557759      1.09414
     0.0565628      1.09288
     0.0573608      1.09161
     0.0581701      1.09033
     0.0589908      1.08902
      0.059823       1.0877
          0.06      1.08742
     0.0608465      1.08663
     0.0617049      1.08583
     0.0625755      1.08501
     0.0634583      1.08419
     0.0643536      1.08335
         0.065      1.08275
      0.065917      1.08224
      0.066847      1.08172
     0.0677901       1.0812
     0.0687465      1.08067
     0.0697164      1.08013
          0.07      1.07997
     0.0709876      1.07999
     0.0719891      1.08001
     0.0730047      1.08004
     0.0740347      1.08006
     0.0750792      1.08008
     0.0761384       1.0801
     0.0772126      1.08013
     0.0783019      1.08015
     0.0794066      1.08017
          0.08      1.08019
     0.0811287      1.08093
     0.0822732      1.08168
      0.083434      1.08244
     0.0846111      1.08322
     0.0858048        1.084
     0.0870153       1.0848
      0.088243      1.08561
     0.0894879      1.08642
          0.09      1.08676
           0.1      1.09706
           0.1     0.363824
           0.2     0.302031
           0.4     0.243121
           0.6     0.208541
           0.8     0.218609
             1     0.199581
           1.2      0.20457
       1.39997       0.2024
           1.6      0.20832
           1.8      0.20977
       2.02822     0.220752
       2.35963     0.238657
       2.50302     0.247054
           2.6      0.25296
           2.8       0.2617
             3      0.26681
           3.2      0.26697
           3.4      0.26319
           3.6      0.25484
           3.8      0.24219
             4      0.22728
       4.25925      0.20474
           4.8       0.1561
       5.03527     0.136658
           5.2      0.12357
           5.4       0.1093
           5.6    0.0959552
           5.8    0.0843931
             6    0.0736482
           6.2    0.0646491
           6.4    0.0563811
           6.6    0.0494671
           6.8    0.0434631
             7    0.0382121
           7.2     0.033898
           7.4    0.0299441
           7.6    0.0266331
           7.8      0.02384
             8     0.021281
           8.2     0.019143
           8.4     0.017279
           8.6     0.015603
           8.8     0.014141
             9     0.012889
           9.2     0.011776
           9.4     0.010732
           9.6   0.00986921
           9.8   0.00909171
            10   0.00836801
          10.2   0.00774731
          10.4   0.00717491
          10.6   0.00667291
       10.8762   0.00606637
            11   0.00580241
        11.279   0.00530542
          11.4   0.00509611
          11.6    0.0048009
            12   0.00427071
       12.2861   0.00395771
          12.4    0.0038383
          12.6    0.0036519
          12.8      0.00349
            13    0.0033127
          13.2    0.0031629
          13.4     0.003034
          13.6    0.0029193
          13.8    0.0027914
            14     0.002675
          14.2    0.0025712
          14.5    0.0024385
          14.6    0.0023964
          14.8    0.0023008
            15    0.0022157
          15.2    0.0021386
          15.6    0.0019973
          15.8     0.001919
            16    0.0018489
          16.2    0.0017886
          16.6    0.0016797
          16.8    0.0016131
            17    0.0015528
          17.2    0.0014991
          17.5    0.0014309
          17.6    0.0014095
          17.8    0.0013575
          18.2    0.0012625
          18.5   0.00120285
          18.6    0.0011839
          18.8    0.0011362
            19    0.0010937
          19.3    0.0010407
          19.4     0.001024
          19.6  0.000994848
          19.8  0.000954151
            20  0.000918127
